%YAML:1.0
cameraMatrix: !!opencv-matrix
   rows: 3
   cols: 3
   dt: d
   data: [ 6.3707222610428153e+02, 0., 2.9414515977691008e+02, 0.,
       6.4943304259575405e+02, 2.8693583671669643e+02, 0., 0., 1. ]
