%YAML:1.0
distCoeffs: !!opencv-matrix
   rows: 5
   cols: 1
   dt: d
   data: [ 2.5220268248788802e-01, -1.8843497086384091e+00,
       2.2929604262456910e-02, -8.9589386388271262e-03,
       4.2736597268778853e+00 ]
